Success
1.3 0.0
1.3 0.84283447265625
1.3 0.85650634765625
1.3 0.85162353515625
1.3 0.85406494140625
1.3 0.852783203125
1.3 0.85552978515625
1.3 0.86163330078125
1.3 0.85406494140625
1.3 0.85272216796875
1.3 0.85345458984375
1.3 0.85821533203125
1.3 0.850830078125
1.3 0.85321044921875
1.3 0.85028076171875
1.3 0.85687255859375
1.3 0.849853515625
1.3 0.85113525390625
1.3 0.856201171875
1.3 0.85357666015625
1.3 0.8553466796875
1.3 0.8577880859375
1.3 0.85821533203125
1.3 0.85791015625
1.3 0.84954833984375
1.3 0.85296630859375
1.3 0.85528564453125
1.3 0.85699462890625
1.3 0.8529052734375
1.3 0.84759521484375
1.3 0.856689453125
1.3 0.85455322265625
