Success
1.2 0.966796875
1.2 0.8773193359375
1.2 0.87872314453125
1.2 0.88348388671875
1.2 0.8809814453125
1.2 0.8817138671875
1.2 0.88421630859375
1.2 0.87518310546875
1.2 0.88623046875
1.2 0.88037109375
1.2 0.88165283203125
1.2 0.87701416015625
1.2 0.88360595703125
1.2 0.8756103515625
1.2 0.88128662109375
1.2 0.8782958984375
1.2 0.87738037109375
1.2 0.877197265625
1.2 0.87921142578125
1.2 0.88397216796875
1.2 0.882568359375
1.2 0.88934326171875
1.2 0.88555908203125
1.2 0.87982177734375
1.2 0.8773193359375
1.2 0.886474609375
1.2 0.8841552734375
1.2 0.88177490234375
1.2 0.8828125
1.2 0.88421630859375
1.2 0.87896728515625
1.2 0.883544921875
